-1  15  15  15
 0.001796176  14  9  9 O
 0.027496755  14  10  9 O
 0.042819800  14  10  10 O
 0.086334637  14  11  10 O
 0.107168388  14  10  10 O
 0.135822475  14  9  10 O
 0.179564374  14  10  10 O
 0.210439150  14  9  10 O
 0.257231962  14  10  10 O
 0.269604195  14  10  9 O
 0.287602847  14  10  10 O
 0.305877744  14  9  10 O
 0.316706105  14  10  10 O
 0.472358665  14  10  10 o
 0.001610229  5  10  12 F
 0.038896860  5  10  13 F
 0.070415675  5  10  12 F
 0.091330248  5  10  13 F
 0.110250651  5  11  13 F
 0.124002479  5  10  13 F
 0.144969072  5  10  12 F
 0.181031006  5  11  12 F
 0.191874025  5  12  12 F
 0.227407576  5  11  12 F
 0.262915292  5  11  11 F
 0.310936848  5  11  10 F
 0.322160805  5  11  11 F
 0.346645311  5  11  10 F
 0.500032180  5  11  10 f
 0.001587303  4  7  12 E
 0.034292605  4  7  13 E
 0.067313154  4  8  13 E
 0.109544434  4  8  12 E
 0.148864956  4  8  11 E
 0.164178434  4  8  12 E
 0.185516413  4  8  11 E
 0.206357977  4  8  12 E
 0.222809732  4  8  13 E
 0.237801925  4  7  13 E
 0.263412407  4  8  13 E
 0.292538259  4  8  14 E
 0.342544371  4  8  13 E
 0.359674186  4  9  13 E
 0.396632575  4  10  13 E
 0.445651040  4  11  13 E
 0.460146186  4  11  14 E
 0.476964947  4  12  14 E
 0.503658732  4  11  14 E
 0.520813376  4  10  14 E
 0.553744988  4  10  0 E
 0.572248401  4  10  14 E
 0.596618674  4  10  0 E
 0.632652312  4  9  0 E
 0.754873030  4  8  0 E
 0.794786544  4  7  0 E
 0.829596407  4  7  1 E
 0.844638009  4  7  0 E
 0.888384344  4  7  14 E
 0.902168620  4  6  14 E
 1.063676320  4  6  14 e
 0.001776245  13  10  7 N
 0.028338212  13  10  8 N
 0.070155685  13  9  8 N
 0.081684532  13  8  8 N
 0.127783130  13  8  9 N
 0.153746515  13  8  10 N
 0.198502030  13  8  9 N
 0.224871492  13  8  8 N
 0.254223860  13  9  8 N
 0.290565241  13  8  8 N
 0.325156445  13  8  9 N
 0.371128209  13  7  9 N
 0.404597320  13  6  9 N
 0.454399853  13  6  10 N
 0.493169843  13  6  11 N
 0.534662896  13  6  10 N
 0.552569780  13  7  10 N
 0.595721355  13  7  11 N
 0.626853057  13  8  11 N
 0.652927263  13  7  11 N
 0.681714018  13  7  12 N
 0.729550587  13  7  13 N
 0.749893176  13  6  13 N
 0.775309832  13  7  13 N
 0.855868610  13  7  14 N
 0.882672613  13  7  13 N
 0.944089598  13  7  14 N
 1.084425734  13  7  14 n
 0.001528650  2  5  8 C
 0.030007443  2  5  7 C
 0.051256239  2  4  7 C
 0.062234813  2  4  6 C
 0.078100816  2  4  7 C
 0.110382839  2  4  6 C
 0.130594875  2  5  6 C
 0.169520166  2  4  6 C
 0.183589220  2  4  7 C
 0.204384403  2  3  7 C
 0.233252849  2  3  8 C
 0.278110692  2  2  8 C
 0.325144296  2  2  7 C
 0.373268055  2  2  8 C
 0.416593920  2  3  8 C
 0.452632152  2  2  8 C
 0.484796103  2  3  8 C
 0.525647269  2  3  9 C
 0.562287313  2  2  9 C
 0.582407919  2  2  8 C
 0.628703404  2  2  7 C
 0.666396650  2  3  7 C
 0.714592237  2  2  7 C
 0.764539148  2  1  7 C
 0.798400452  2  0  7 C
 0.840594608  2  0  8 C
 0.878997321  2  1  8 C
 0.899694575  2  0  8 C
 0.917951378  2  1  8 C
 0.943872704  2  0  8 C
 0.972515303  2  1  8 C
 1.022658769  2  1  9 C
 1.071630255  2  0  9 C
 1.100899041  2  1  9 C
 1.114573451  2  1  8 C
 1.146700471  2  2  8 C
 1.175097915  2  2  9 C
 1.191193134  2  1  9 C
 1.321858566  2  1  9 c
 0.001692367  9  14  9 J
 0.049252258  9  13  9 J
 0.092566745  9  12  9 J
 0.136879454  9  12  10 J
 0.147188100  9  12  11 J
 0.193144569  9  12  10 J
 0.226505767  9  13  10 J
 0.254325398  9  12  10 J
 0.280781323  9  13  10 J
 0.317692932  9  13  9 J
 0.364384224  9  13  10 J
 0.403729530  9  13  9 J
 0.439259784  9  14  9 J
 0.466906096  9  14  8 J
 0.483982312  9  0  8 J
 0.523308407  9  14  8 J
 0.540595293  9  14  7 J
 0.557151301  9  0  7 J
 0.600355100  9  14  7 J
 0.627329041  9  13  7 J
 0.663427163  9  13  8 J
 0.712306314  9  12  8 J
 0.727301699  9  12  9 J
 0.754679019  9  12  10 J
 0.798133076  9  12  11 J
 0.828180827  9  12  12 J
 0.865296785  9  11  12 J
 0.911548813  9  12  12 J
 0.949670530  9  12  11 J
 0.985765396  9  13  11 J
 1.025439366  9  14  11 J
 1.054594314  9  14  10 J
 1.085093890  9  14  9 J
 1.132367911  9  0  9 J
 1.145282464  9  0  8 J
 1.156784675  9  1  8 J
 1.181723608  9  2  8 J
 1.205852317  9  1  8 J
 1.363788300  9  1  8 j
 0.001630464  6  8  9 G
 0.035998048  6  7  9 G
 0.083553919  6  7  10 G
 0.126020392  6  7  9 G
 0.161843591  6  7  10 G
 0.198480923  6  7  9 G
 0.218362570  6  7  8 G
 0.255681055  6  7  9 G
 0.286913030  6  7  10 G
 0.297199444  6  8  10 G
 0.318893658  6  8  11 G
 0.355332869  6  8  12 G
 0.383855847  6  8  13 G
 0.410641805  6  8  12 G
 0.444609566  6  7  12 G
 0.486717931  6  7  13 G
 0.527720111  6  8  13 G
 0.576718653  6  9  13 G
 0.613117321  6  9  12 G
 0.639943028  6  9  13 G
 0.651580195  6  9  14 G
 0.685804485  6  8  14 G
 0.729516962  6  8  13 G
 0.772988190  6  8  14 G
 0.813034316  6  7  14 G
 0.850415199  6  8  14 G
 0.905657743  6  7  14 G
 0.937102527  6  7  0 G
 0.957369604  6  7  1 G
 0.993391134  6  7  2 G
 1.012037096  6  7  3 G
 1.052169829  6  8  3 G
 1.078599778  6  9  3 G
 1.092843705  6  10  3 G
 1.107706789  6  11  3 G
 1.153949869  6  10  3 G
 1.195825514  6  10  4 G
 1.241598980  6  10  5 G
 1.263162251  6  10  4 G
 1.342292232  6  9  4 G
 1.387746604  6  9  5 G
 1.412500360  6  9  6 G
 1.438036757  6  9  7 G
 1.481740618  6  8  7 G
 1.507170597  6  8  6 G
 1.650433216  6  8  6 g
 0.001560373  3  13  0 D
 0.017275239  3  13  14 D
 0.040274934  3  13  13 D
 0.051517609  3  14  13 D
 0.097335294  3  0  13 D
 0.132542861  3  0  12 D
 0.181269025  3  14  12 D
 0.202630064  3  13  12 D
 0.234878428  3  13  13 D
 0.257886960  3  12  13 D
 0.269609277  3  13  13 D
 0.310625106  3  14  13 D
 0.348835316  3  13  13 D
 0.380944135  3  13  14 D
 0.422201937  3  13  13 D
 0.461933889  3  13  12 D
 0.495084655  3  14  12 D
 0.508359171  3  0  12 D
 0.529100595  3  1  12 D
 0.577731786  3  0  12 D
 0.610238768  3  0  13 D
 0.634227936  3  1  13 D
 0.653775595  3  1  14 D
 0.684637809  3  1  13 D
 0.700243442  3  0  13 D
 0.716994127  3  0  14 D
 0.764962775  3  0  0 D
 0.814820201  3  0  14 D
 0.832250392  3  1  14 D
 0.866402322  3  0  14 D
 0.903705212  3  14  14 D
 0.927195100  3  13  14 D
 0.960135408  3  14  14 D
 0.990742180  3  14  0 D
 1.004082036  3  13  0 D
 1.041626360  3  12  0 D
 1.127053271  3  12  1 D
 1.153147615  3  11  1 D
 1.163979189  3  11  2 D
 1.190633644  3  10  2 D
 1.221163962  3  9  2 D
 1.265038656  3  9  3 D
 1.291736045  3  9  4 D
 1.335407498  3  8  4 D
 1.355059874  3  8  3 D
 1.372873393  3  7  3 D
 1.398971448  3  7  4 D
 1.417237506  3  8  4 D
 1.447213689  3  8  5 D
 1.477892623  3  7  5 D
 1.502165009  3  8  5 D
 1.651123427  3  8  5 d
 0.001672566  8  0  6 I
 0.012633519  8  14  6 I
 0.055584585  8  0  6 I
 0.094721407  8  0  7 I
 0.126668674  8  14  7 I
 0.137835224  8  0  7 I
 0.159008818  8  0  6 I
 0.204542658  8  0  7 I
 0.223363576  8  14  7 I
 0.256517309  8  13  7 I
 0.301548271  8  13  6 I
 0.317279275  8  13  7 I
 0.347597203  8  12  7 I
 0.358227684  8  12  6 I
 0.370963923  8  12  7 I
 0.419084873  8  12  8 I
 0.459294923  8  11  8 I
 0.499227049  8  12  8 I
 0.530080415  8  12  9 I
 0.573038993  8  12  10 I
 0.587051880  8  12  11 I
 0.614970934  8  11  11 I
 0.644421851  8  10  11 I
 0.683383598  8  10  12 I
 0.733496119  8  11  12 I
 0.756740948  8  11  13 I
 0.791397644  8  10  13 I
 0.838108712  8  10  12 I
 0.882666049  8  9  12 I
 0.911540965  8  9  13 I
 0.954691974  8  9  12 I
 1.003554094  8  10  12 I
 1.048569863  8  10  13 I
 1.081210690  8  9  13 I
 1.119917821  8  9  12 I
 1.135769783  8  9  13 I
 1.163353639  8  9  14 I
 1.187109493  8  9  0 I
 1.207504672  8  8  0 I
 1.255055040  8  8  1 I
 1.292654534  8  9  1 I
 1.304421799  8  9  0 I
 1.349324664  8  10  0 I
 1.368751989  8  10  1 I
 1.412293423  8  11  1 I
 1.422794452  8  11  2 I
 1.462749414  8  12  2 I
 1.488645855  8  12  1 I
 1.525262690  8  11  1 I
 1.563336680  8  11  0 I
 1.588106978  8  10  0 I
 1.625429161  8  11  0 I
 1.674571606  8  11  14 I
 1.697235940  8  11  0 I
 1.718010794  8  12  0 I
 1.747277726  8  12  14 I
 1.764523973  8  12  13 I
 1.792549146  8  11  13 I
 1.836702144  8  10  13 I
 1.867991680  8  10  12 I
 1.892900119  8  9  12 I
 1.924363866  8  8  12 I
 1.968752421  8  8  11 I
 2.006908576  8  7  11 I
 2.029968224  8  7  12 I
 2.046974468  8  6  12 I
 2.074663056  8  5  12 I
 2.100704030  8  5  11 I
 2.135039496  8  6  11 I
 2.154409321  8  7  11 I
 2.176508875  8  7  12 I
 2.197186648  8  7  13 I
 2.241950459  8  8  13 I
 2.278644497  8  8  14 I
 2.430588263  8  8  14 i
 0.001732334  11  8  10 L
 0.033248867  11  8  11 L
 0.043505126  11  9  11 L
 0.059501799  11  9  10 L
 0.093092494  11  9  9 L
 0.128644065  11  9  8 L
 0.145835345  11  10  8 L
 0.168589230  11  10  7 L
 0.196864693  11  9  7 L
 0.219301314  11  9  6 L
 0.230359429  11  9  7 L
 0.258858454  11  9  6 L
 0.273535823  11  9  5 L
 0.309521448  11  9  6 L
 0.350516120  11  9  5 L
 0.364261938  11  9  4 L
 0.385263914  11  9  5 L
 0.423752071  11  9  4 L
 0.444346900  11  10  4 L
 0.470605293  11  9  4 L
 0.576222283  11  9  3 L
 0.599639415  11  9  4 L
 0.619248442  11  9  3 L
 0.661797208  11  9  4 L
 0.702730972  11  9  3 L
 0.714598416  11  9  2 L
 0.760166516  11  9  3 L
 0.772982963  11  9  2 L
 0.810206858  11  8  2 L
 0.849123318  11  7  2 L
 0.868569704  11  7  3 L
 0.899703450  11  6  3 L
 0.928538402  11  6  2 L
 0.961554937  11  7  2 L
 0.990734331  11  6  2 L
 1.039545257  11  6  1 L
 1.063188336  11  5  1 L
 1.112088090  11  4  1 L
 1.138423383  11  4  0 L
 1.183357979  11  5  0 L
 1.215560247  11  5  14 L
 1.263022325  11  5  0 L
 1.291861555  11  4  0 L
 1.320654736  11  3  0 L
 1.364049603  11  3  1 L
 1.401028339  11  4  1 L
 1.445805531  11  3  1 L
 1.463551745  11  3  2 L
 1.493540312  11  2  2 L
 1.505431857  11  1  2 L
 1.554226081  11  0  2 L
 1.579574091  11  0  1 L
 1.628592966  11  14  1 L
 1.678659274  11  13  1 L
 1.693937877  11  14  1 L
 1.719351910  11  13  1 L
 1.734019897  11  13  0 L
 1.754565559  11  14  0 L
 1.790158142  11  0  0 L
 1.802968430  11  1  0 L
 1.840083594  11  0  0 L
 1.878742674  11  0  1 L
 1.915195369  11  0  2 L
 1.953213914  11  1  2 L
 1.972893574  11  1  3 L
 2.010614074  11  0  3 L
 2.029641313  11  0  4 L
 2.043012170  11  0  3 L
 2.072442380  11  1  3 L
 2.119184384  11  1  2 L
 2.160602981  11  2  2 L
 2.182406002  11  3  2 L
 2.199104489  11  4  2 L
 2.239255257  11  4  1 L
 2.265899049  11  5  1 L
 2.301773201  11  6  1 L
 2.313423816  11  6  0 L
 2.326821474  11  6  1 L
 2.343817383  11  5  1 L
 2.373844012  11  6  1 L
 2.412408006  11  6  0 L
 2.535637756  11  6  0 l
 0.001711953  10  1  1 K
 0.030476206  10  1  0 K
 0.062849109  10  2  0 K
 0.076546423  10  3  0 K
 0.106687970  10  3  1 K
 0.137131461  10  4  1 K
 0.148775708  10  5  1 K
 0.180275868  10  6  1 K
 0.195627695  10  6  2 K
 0.212369857  10  6  3 K
 0.232340267  10  7  3 K
 0.264495995  10  8  3 K
 0.287518368  10  8  2 K
 0.309403846  10  7  2 K
 0.349747182  10  8  2 K
 0.366638275  10  9  2 K
 0.413871213  10  10  2 K
 0.433913675  10  11  2 K
 0.456955573  10  10  2 K
 0.473933040  10  10  3 K
 0.504255598  10  9  3 K
 0.542530644  10  8  3 K
 0.576413624  10  8  2 K
 0.600387532  10  8  1 K
 0.636783538  10  8  0 K
 0.717923618  10  8  1 K
 0.767307771  10  9  1 K
 0.812524909  10  8  1 K
 0.854433400  10  8  2 K
 0.878841515  10  9  2 K
 0.916676809  10  9  1 K
 0.959368222  10  9  2 K
 1.018967411  10  9  1 K
 1.030225387  10  9  2 K
 1.071702646  10  8  2 K
 1.108982428  10  7  2 K
 1.130053348  10  7  1 K
 1.174389013  10  8  1 K
 1.214913725  10  9  1 K
 1.236582886  10  10  1 K
 1.281720841  10  11  1 K
 1.328670655  10  11  2 K
 1.358429908  10  11  3 K
 1.375891354  10  12  3 K
 1.389069854  10  12  2 K
 1.403526703  10  13  2 K
 1.421911568  10  13  3 K
 1.461179325  10  13  2 K
 1.485813796  10  13  3 K
 1.499987571  10  13  2 K
 1.532801602  10  12  2 K
 1.572174232  10  11  2 K
 1.600078655  10  11  3 K
 1.633693134  10  11  4 K
 1.664521240  10  11  3 K
 1.713841734  10  12  3 K
 1.763214636  10  13  3 K
 1.775167101  10  12  3 K
 1.824709309  10  12  4 K
 1.854146431  10  12  3 K
 1.899440901  10  13  3 K
 1.920245807  10  12  3 K
 1.964415146  10  12  4 K
 2.013746236  10  11  4 K
 2.033061443  10  11  3 K
 2.053031644  10  12  3 K
 2.092418382  10  12  2 K
 2.110091122  10  12  3 K
 2.134903808  10  13  3 K
 2.150426718  10  12  3 K
 2.170181407  10  11  3 K
 2.202955260  10  10  3 K
 2.233670716  10  9  3 K
 2.263875826  10  10  3 K
 2.302075601  10  9  3 K
 2.317414143  10  8  3 K
 2.363429147  10  9  3 K
 2.412332378  10  9  2 K
 2.460550015  10  9  1 K
 2.497847080  10  10  1 K
 2.525186523  10  9  1 K
 2.535804197  10  10  1 K
 2.558226407  10  9  1 K
 2.597043417  10  9  0 K
 2.641609247  10  9  14 K
 2.801197073  10  9  14 k
 0.001489050  1  13  10 B
 0.043578271  1  14  10 B
 0.078927451  1  14  11 B
 0.121873513  1  14  10 B
 0.132889660  1  14  11 B
 0.168339448  1  0  11 B
 0.209248264  1  14  11 B
 0.255507817  1  14  10 B
 0.292178926  1  14  11 B
 0.312364208  1  14  10 B
 0.344154192  1  14  9 B
 0.390270375  1  14  10 B
 0.402507087  1  0  10 B
 0.423869559  1  1  10 B
 0.441560704  1  1  11 B
 0.455724869  1  0  11 B
 0.481166276  1  0  10 B
 0.517212225  1  0  11 B
 0.530630344  1  0  10 B
 0.541702139  1  0  9 B
 0.553752052  1  0  10 B
 0.574556116  1  14  10 B
 0.609558095  1  0  10 B
 0.624179563  1  0  11 B
 0.665854053  1  1  11 B
 0.707786528  1  2  11 B
 0.746679559  1  3  11 B
 0.795075775  1  2  11 B
 0.808808569  1  2  12 B
 0.825632073  1  2  13 B
 0.862934380  1  1  13 B
 0.879652370  1  1  12 B
 0.894626503  1  1  11 B
 0.911233758  1  1  10 B
 0.937839073  1  0  10 B
 0.966920363  1  0  11 B
 0.978079948  1  1  11 B
 0.996242202  1  2  11 B
 1.012090033  1  2  12 B
 1.035997698  1  2  13 B
 1.053652292  1  2  14 B
 1.069948172  1  1  14 B
 1.104061970  1  0  14 B
 1.141661432  1  0  13 B
 1.172213525  1  14  13 B
 1.217577299  1  14  12 B
 1.247399539  1  13  12 B
 1.286819630  1  12  12 B
 1.320869491  1  11  12 B
 1.358419120  1  10  12 B
 1.371176835  1  9  12 B
 1.417242890  1  10  12 B
 1.440541527  1  10  11 B
 1.487543696  1  9  11 B
 1.504016415  1  8  11 B
 1.545851246  1  9  11 B
 1.593825585  1  10  11 B
 1.643133970  1  10  12 B
 1.666594617  1  10  13 B
 1.688997760  1  10  14 B
 1.736434398  1  10  13 B
 1.760637288  1  9  13 B
 1.775139558  1  9  14 B
 1.787436150  1  9  0 B
 1.800225736  1  10  0 B
 1.832532528  1  9  0 B
 1.857861536  1  9  1 B
 1.870124601  1  9  2 B
 1.889317397  1  9  3 B
 1.920238590  1  8  3 B
 1.968662970  1  8  4 B
 1.996309887  1  7  4 B
 2.045717855  1  6  4 B
 2.069160988  1  6  3 B
 2.105806393  1  5  3 B
 2.154554631  1  4  3 B
 2.187726622  1  5  3 B
 2.229782630  1  4  3 B
 2.253722058  1  3  3 B
 2.285575597  1  3  2 B
 2.313410341  1  2  2 B
 2.354662380  1  2  1 B
 2.382580121  1  2  0 B
 2.406276327  1  2  1 B
 2.446540050  1  1  1 B
 2.481588794  1  1  2 B
 2.513723970  1  0  2 B
 2.534327000  1  0  1 B
 2.583008276  1  14  1 B
 2.595616119  1  14  2 B
 2.620176147  1  0  2 B
 2.651574759  1  1  2 B
 2.692277870  1  2  2 B
 2.774071765  1  3  2 B
 2.801845974  1  4  2 B
 2.826223938  1  4  3 B
 2.864549402  1  5  3 B
 2.887303796  1  4  3 B
 2.909531982  1  3  3 B
 2.923050162  1  4  3 B
 0.001756633  12  13  6 M
 0.027254428  12  12  6 M
 0.074648702  12  12  7 M
 0.115189861  12  11  7 M
 0.149884105  12  12  7 M
 0.199300684  12  12  6 M
 0.234669572  12  12  5 M
 0.252348184  12  11  5 M
 0.272712895  12  12  5 M
 0.292038030  12  12  6 M
 0.335352898  12  11  6 M
 0.381949586  12  11  7 M
 0.394618570  12  10  7 M
 0.422910214  12  9  7 M
 0.470333030  12  10  7 M
 0.508525786  12  9  7 M
 0.532259462  12  9  6 M
 0.569633985  12  9  7 M
 0.618643691  12  9  6 M
 0.653298864  12  8  6 M
 0.701144600  12  8  7 M
 0.722379621  12  7  7 M
 0.770495029  12  6  7 M
 0.806729224  12  6  6 M
 0.818718138  12  7  6 M
 0.844626400  12  8  6 M
 0.871334751  12  8  7 M
 0.912032690  12  8  8 M
 0.943935310  12  8  7 M
 0.956003959  12  8  6 M
 0.990654617  12  8  5 M
 1.040731102  12  7  5 M
 1.066306710  12  6  5 M
 1.083410328  12  6  4 M
 1.115007207  12  6  5 M
 1.128599866  12  5  5 M
 1.177438766  12  5  4 M
 1.198215449  12  5  5 M
 1.232559394  12  6  5 M
 1.279590564  12  6  4 M
 1.293632517  12  6  3 M
 1.306713210  12  5  3 M
 1.336319635  12  5  4 M
 1.380445930  12  5  5 M
 1.410195594  12  6  5 M
 1.446043846  12  5  5 M
 1.459967682  12  5  4 M
 1.475086814  12  4  4 M
 1.493305061  12  4  5 M
 1.533658913  12  3  5 M
 1.550767223  12  3  4 M
 1.564297470  12  2  4 M
 1.583541736  12  3  4 M
 1.622320445  12  4  4 M
 1.644692317  12  4  5 M
 1.659165015  12  3  5 M
 1.692161557  12  2  5 M
 1.721659071  12  3  5 M
 1.763504378  12  2  5 M
 1.795538009  12  1  5 M
 1.844140721  12  0  5 M
 1.864959676  12  0  6 M
 1.910119091  12  1  6 M
 1.958582103  12  2  6 M
 1.997576440  12  3  6 M
 2.046251505  12  3  5 M
 2.077214083  12  4  5 M
 2.116875071  12  3  5 M
 2.146811630  12  4  5 M
 2.188430978  12  3  5 M
 2.204446227  12  3  6 M
 2.232166090  12  3  7 M
 2.250216926  12  3  6 M
 2.280608505  12  4  6 M
 2.319728321  12  4  5 M
 2.347355384  12  3  5 M
 2.380610259  12  2  5 M
 2.401745692  12  2  4 M
 2.415479349  12  3  4 M
 2.457967910  12  3  5 M
 2.478366654  12  4  5 M
 2.499287385  12  4  6 M
 2.519014948  12  4  7 M
 2.561181682  12  4  6 M
 2.592082505  12  3  6 M
 2.623812440  12  4  6 M
 2.672254338  12  4  7 M
 2.697927537  12  3  7 M
 2.725343359  12  2  7 M
 2.754540673  12  3  7 M
 2.766683237  12  3  6 M
 2.785232570  12  3  5 M
 2.818426981  12  4  5 M
 2.845804374  12  4  4 M
 2.868245961  12  4  5 M
 2.898767853  12  3  5 M
 2.923057206  12  2  5 M
 2.971316705  12  2  6 M
 2.984731465  12  2  7 M
 3.026645632  12  2  6 M
 0.001651178  7  3  1 H
 0.089317146  7  3  2 H
 0.139370717  7  4  2 H
 0.182049046  7  5  2 H
 0.228028996  7  4  2 H
 0.238637503  7  5  2 H
 0.262821033  7  5  3 H
 0.282672360  7  5  4 H
 0.314974334  7  4  4 H
 0.336717263  7  3  4 H
 0.378823125  7  3  5 H
 0.394056420  7  3  4 H
 0.406568963  7  4  4 H
 0.417493320  7  4  3 H
 0.436950710  7  3  3 H
 0.472823399  7  3  2 H
 0.483130639  7  3  1 H
 0.521010626  7  4  1 H
 0.568917586  7  5  1 H
 0.582762113  7  5  2 H
 0.601295682  7  6  2 H
 0.626652518  7  6  3 H
 0.639361862  7  6  2 H
 0.652140775  7  6  1 H
 0.669667811  7  7  1 H
 0.708718812  7  7  0 H
 0.722318310  7  7  1 H
 0.747704256  7  7  2 H
 0.792078273  7  7  3 H
 0.836329612  7  8  3 H
 0.935834286  7  7  3 H
 0.957362134  7  8  3 H
 0.996920972  7  8  4 H
 1.043519210  7  7  4 H
 1.078788635  7  7  5 H
 1.112714434  7  7  6 H
 1.145288287  7  7  5 H
 1.155733179  7  6  5 H
 1.177645525  7  6  6 H
 1.202318700  7  5  6 H
 1.236790708  7  5  7 H
 1.256609905  7  5  8 H
 1.269136819  7  5  9 H
 1.313836105  7  6  9 H
 1.339832269  7  7  9 H
 1.361729364  7  8  9 H
 1.401416986  7  8  8 H
 1.443168736  7  7  8 H
 1.488656418  7  7  7 H
 1.533341690  7  8  7 H
 1.562082668  7  9  7 H
 1.579269380  7  10  7 H
 1.596073226  7  10  8 H
 1.626431983  7  10  9 H
 1.669579661  7  10  8 H
 1.719636472  7  10  7 H
 1.766182236  7  9  7 H
 1.794338988  7  9  6 H
 1.831761311  7  10  6 H
 1.852417720  7  11  6 H
 1.902159411  7  12  6 H
 1.918111937  7  12  7 H
 1.952111403  7  11  7 H
 1.976780152  7  11  8 H
 2.019563357  7  10  8 H
 2.066014353  7  10  7 H
 2.099215444  7  10  8 H
 2.146587145  7  9  8 H
 2.164296579  7  9  7 H
 2.194129113  7  8  7 H
 2.219921276  7  8  8 H
 2.265916715  7  8  7 H
 2.292399365  7  7  7 H
 2.334595878  7  6  7 H
 2.355727901  7  7  7 H
 2.395513991  7  8  7 H
 2.411361860  7  7  7 H
 2.429680542  7  8  7 H
 2.457449316  7  7  7 H
 2.477426621  7  7  8 H
 2.493228292  7  7  7 H
 2.525901742  7  6  7 H
 2.541135489  7  6  8 H
 2.574339026  7  6  9 H
 2.600186067  7  5  9 H
 2.616522691  7  5  10 H
 2.655983548  7  6  10 H
 2.679290444  7  6  11 H
 2.717266328  7  5  11 H
 2.760557935  7  5  10 H
 2.807665842  7  5  9 H
 2.852388230  7  5  8 H
 2.875745940  7  5  7 H
 2.912552730  7  4  7 H
 2.934067486  7  5  7 H
 2.953276948  7  5  8 H
 2.987917736  7  4  8 H
 3.036723769  7  4  7 H
 3.075719011  7  4  8 H
 3.125336730  7  4  7 H
 0.001412516  0  2  2 A
 0.034196891  0  3  2 A
 0.083426057  0  4  2 A
 0.133345272  0  4  3 A
 0.143893446  0  5  3 A
 0.158349294  0  4  3 A
 0.207378964  0  5  3 A
 0.242180420  0  4  3 A
 0.258687834  0  4  2 A
 0.272230989  0  4  1 A
 0.293823522  0  5  1 A
 0.305644553  0  6  1 A
 0.350415746  0  6  0 A
 0.380673552  0  7  0 A
 0.428340360  0  8  0 A
 0.444818522  0  8  1 A
 0.477086036  0  8  2 A
 0.496715144  0  8  3 A
 0.534733875  0  8  4 A
 0.601858975  0  8  3 A
 0.613973968  0  8  2 A
 0.657590092  0  8  1 A
 0.703759719  0  8  2 A
 0.740420013  0  8  3 A
 0.759258169  0  8  2 A
 0.772567983  0  8  1 A
 0.801449727  0  8  0 A
 0.911219158  0  7  0 A
 0.922831020  0  8  0 A
 0.934788178  0  8  1 A
 0.991855127  0  9  1 A
 1.003970068  0  10  1 A
 1.047145105  0  11  1 A
 1.075653106  0  12  1 A
 1.124674625  0  13  1 A
 1.162030270  0  12  1 A
 1.186644433  0  12  0 A
 1.222860986  0  12  1 A
 1.251258539  0  13  1 A
 1.267059528  0  13  0 A
 1.300751908  0  12  0 A
 1.342544443  0  11  0 A
 1.363091848  0  12  0 A
 1.382900561  0  13  0 A
 1.428496778  0  13  1 A
 1.452110239  0  14  1 A
 1.499898818  0  0  1 A
 1.534820500  0  0  0 A
 1.582214930  0  14  0 A
 1.597378265  0  14  14 A
 1.612784522  0  14  0 A
 1.656426695  0  14  14 A
 1.675103367  0  14  0 A
 1.714288065  0  14  14 A
 1.760209302  0  14  13 A
 1.773338983  0  0  13 A
 1.793226199  0  0  12 A
 1.815515249  0  0  13 A
 1.856027651  0  0  14 A
 1.876484963  0  0  13 A
 1.923167795  0  1  13 A
 1.954416793  0  2  13 A
 1.968062620  0  2  12 A
 2.012131570  0  2  13 A
 2.026912397  0  2  14 A
 2.052426414  0  2  0 A
 2.093392851  0  2  14 A
 2.125762244  0  1  14 A
 2.169659418  0  0  14 A
 2.199442512  0  1  14 A
 2.234623658  0  1  0 A
 2.278165293  0  1  1 A
 2.288791063  0  1  0 A
 2.309767075  0  2  0 A
 2.335069862  0  3  0 A
 2.363841042  0  3  1 A
 2.384784563  0  4  1 A
 2.429618415  0  3  1 A
 2.447101510  0  2  1 A
 2.479766403  0  3  1 A
 2.521499707  0  4  1 A
 2.552635641  0  4  0 A
 2.588220580  0  4  14 A
 2.630249316  0  4  0 A
 2.665175160  0  4  1 A
 2.677675536  0  4  2 A
 2.711380524  0  3  2 A
 2.760824192  0  3  1 A
 2.773259571  0  4  1 A
 2.799713743  0  4  0 A
 2.811781367  0  3  0 A
 2.857914959  0  3  14 A
 2.876713009  0  4  14 A
 2.925362710  0  5  14 A
 2.960548871  0  4  14 A
 2.990935433  0  4  13 A
 3.032221711  0  4  14 A
 3.063848160  0  4  0 A
 3.085558951  0  4  14 A
 3.124962871  0  4  0 A
