-1  10  15  15
 0.006226373  0  1  1 A
 0.043825124  0  0  1 A
 0.082330173  0  0  2 A
 0.105735627  0  14  2 A
 0.277226748  0  14  2 a
 0.007200706  7  2  1 H
 0.071999656  7  1  1 H
 0.083479912  7  1  2 H
 0.132913206  7  0  2 H
 0.278604666  7  0  2 h
 0.006659540  3  12  13 D
 0.022968011  3  12  14 D
 0.044649673  3  12  0 D
 0.066307853  3  12  1 D
 0.104757491  3  12  0 D
 0.117327649  3  12  1 D
 0.148514190  3  13  1 D
 0.184348994  3  13  0 D
 0.200037471  3  14  0 D
 0.246095350  3  14  14 D
 0.270356797  3  13  14 D
 0.306177989  3  13  0 D
 0.328620652  3  13  1 D
 0.374737325  3  13  0 D
 0.410577065  3  13  14 D
 0.455371504  3  14  14 D
 0.501470837  3  0  14 D
 0.536842989  3  14  14 D
 0.584611106  3  14  13 D
 0.597726125  3  14  14 D
 0.608799726  3  14  0 D
 0.648296123  3  0  0 D
 0.672103476  3  0  1 D
 0.709556680  3  0  0 D
 0.724973532  3  14  0 D
 0.737307184  3  14  14 D
 0.774026561  3  0  14 D
 0.817532409  3  14  14 D
 0.833649249  3  0  14 D
 0.849609291  3  0  0 D
 0.894816933  3  0  14 D
 0.910790873  3  1  14 D
 0.921767747  3  1  13 D
 0.969194185  3  0  13 D
 1.015665097  3  1  13 D
 1.043972641  3  0  13 D
 1.072748858  3  14  13 D
 1.121117269  3  13  13 D
 1.134300086  3  13  14 D
 1.155030767  3  14  14 D
 1.167364196  3  14  0 D
 1.204336635  3  13  0 D
 1.244014676  3  13  14 D
 1.291726242  3  14  14 D
 1.307962861  3  14  13 D
 1.357915050  3  0  13 D
 1.386414445  3  0  12 D
 1.426033417  3  0  11 D
 1.436630699  3  0  10 D
 1.455436240  3  14  10 D
 1.467243406  3  14  9 D
 1.516015768  3  14  8 D
 1.546339586  3  0  8 D
 1.580992067  3  0  9 D
 1.662724373  3  0  8 D
 1.822344528  3  0  8 d
 0.006840653  4  0  4 E
 0.055391790  4  1  4 E
 0.103384371  4  2  4 E
 0.161437477  4  3  4 E
 0.202253444  4  4  4 E
 0.237803289  4  4  3 E
 0.276444630  4  5  3 E
 0.303480704  4  6  3 E
 0.344877535  4  6  2 E
 0.375321330  4  6  3 E
 0.397379992  4  5  3 E
 0.414204497  4  6  3 E
 0.461120558  4  6  2 E
 0.489445155  4  6  1 E
 0.501487581  4  5  1 E
 0.520917365  4  6  1 E
 0.535322316  4  6  2 E
 0.572266643  4  5  2 E
 0.584352910  4  5  3 E
 0.626492284  4  6  3 E
 0.663795595  4  6  4 E
 0.705224421  4  7  4 E
 0.737568798  4  6  4 E
 0.756285986  4  7  4 E
 0.795978798  4  7  3 E
 0.806647639  4  7  2 E
 0.834479018  4  6  2 E
 0.879323593  4  7  2 E
 0.923926358  4  7  3 E
 0.956129311  4  6  3 E
 0.992846502  4  5  3 E
 1.018881734  4  6  3 E
 1.049208371  4  5  3 E
 1.098665605  4  5  2 E
 1.140960356  4  5  3 E
 1.164429045  4  4  3 E
 1.214196495  4  4  2 E
 1.258916281  4  4  3 E
 1.296192132  4  3  3 E
 1.318402069  4  3  2 E
 1.329316507  4  3  3 E
 1.364349321  4  3  4 E
 1.376960409  4  2  4 E
 1.402106836  4  1  4 E
 1.420745354  4  0  4 E
 1.446261839  4  0  5 E
 1.461838104  4  0  6 E
 1.502607208  4  0  7 E
 1.527867197  4  14  7 E
 1.577251399  4  14  8 E
 1.604902198  4  0  8 E
 1.619337240  4  0  7 E
 1.664847284  4  1  7 E
 1.682515207  4  1  8 E
 1.828360126  4  1  8 e
 0.007011604  5  9  13 F
 0.034180479  5  9  12 F
 0.058725004  5  9  11 F
 0.095342417  5  9  10 F
 0.139549993  5  9  9 F
 0.189610093  5  9  10 F
 0.230071680  5  10  10 F
 0.247512675  5  11  10 F
 0.284129745  5  11  9 F
 0.301252522  5  11  8 F
 0.345683097  5  12  8 F
 0.372551904  5  11  8 F
 0.390099825  5  11  7 F
 0.419672070  5  11  8 F
 0.448333521  5  10  8 F
 0.490324680  5  9  8 F
 0.528229373  5  8  8 F
 0.553753596  5  8  7 F
 0.566078997  5  9  7 F
 0.582110665  5  8  7 F
 0.630546110  5  8  6 F
 0.650056933  5  8  7 F
 0.674592655  5  7  7 F
 0.712212073  5  6  7 F
 0.734262065  5  5  7 F
 0.757814066  5  5  6 F
 0.801343279  5  6  6 F
 0.841237968  5  6  7 F
 0.867920230  5  7  7 F
 0.908051361  5  7  8 F
 0.939044141  5  8  8 F
 0.966328944  5  9  8 F
 0.983128958  5  9  9 F
 1.025298800  5  9  10 F
 1.040694922  5  8  10 F
 1.071307078  5  8  11 F
 1.085376025  5  9  11 F
 1.101405150  5  9  12 F
 1.138386588  5  9  13 F
 1.150054253  5  8  13 F
 1.181304339  5  7  13 F
 1.229558923  5  7  12 F
 1.268334137  5  7  13 F
 1.314491458  5  7  14 F
 1.359131598  5  6  14 F
 1.409082635  5  7  14 F
 1.458076798  5  6  14 F
 1.496609240  5  6  0 F
 1.513072464  5  7  0 F
 1.554249397  5  8  0 F
 1.598065750  5  9  0 F
 1.638281500  5  10  0 F
 1.649486326  5  10  1 F
 1.694866250  5  9  1 F
 1.732926826  5  9  2 F
 1.767485489  5  8  2 F
 1.800794498  5  9  2 F
 1.815785080  5  10  2 F
 1.828847153  5  10  3 F
 1.850476490  5  10  2 F
 1.883763537  5  9  2 F
 1.925499333  5  10  2 F
 1.945331154  5  10  3 F
 1.968362362  5  11  3 F
 1.993671301  5  11  2 F
 2.036988529  5  11  1 F
 2.051132709  5  11  2 F
 2.097433180  5  12  2 F
 2.135686127  5  13  2 F
 2.157492484  5  13  1 F
 2.199451548  5  14  1 F
 2.215330149  5  14  0 F
 2.236674222  5  0  0 F
 2.267643488  5  0  1 F
 2.311945281  5  1  1 F
 2.362187175  5  1  2 F
 2.400545701  5  2  2 F
 2.423422792  5  1  2 F
 2.565298502  5  1  2 f
 0.007091876  6  9  12 G
 0.023280516  6  10  12 G
 0.068709244  6  10  11 G
 0.087244683  6  11  11 G
 0.116427115  6  10  11 G
 0.142794035  6  9  11 G
 0.154236628  6  9  12 G
 0.198591960  6  9  13 G
 0.212303214  6  9  12 G
 0.260649307  6  9  11 G
 0.278761082  6  9  12 G
 0.303224429  6  9  13 G
 0.328039943  6  9  14 G
 0.358399470  6  8  14 G
 0.389414692  6  8  13 G
 0.428867677  6  8  14 G
 0.456097612  6  9  14 G
 0.471604347  6  9  0 G
 0.505188243  6  10  0 G
 0.520909303  6  11  0 G
 0.535050992  6  10  0 G
 0.554953927  6  11  0 G
 0.584711103  6  11  14 G
 0.605104711  6  11  13 G
 0.636932985  6  11  12 G
 0.660838759  6  10  12 G
 0.691554098  6  10  13 G
 0.735021200  6  11  13 G
 0.776431654  6  10  13 G
 0.803301284  6  9  13 G
 0.840588818  6  9  12 G
 0.868758200  6  9  13 G
 0.893965104  6  8  13 G
 0.916395876  6  8  14 G
 0.954611111  6  8  13 G
 0.986414934  6  8  14 G
 1.026480472  6  7  14 G
 1.043275801  6  7  0 G
 1.067869163  6  7  1 G
 1.113232430  6  8  1 G
 1.149878265  6  9  1 G
 1.172444279  6  9  0 G
 1.190300175  6  9  14 G
 1.214926910  6  10  14 G
 1.226329666  6  10  13 G
 1.249361057  6  11  13 G
 1.293213260  6  11  12 G
 1.339194303  6  10  12 G
 1.368829905  6  10  13 G
 1.401032966  6  10  14 G
 1.423693229  6  11  14 G
 1.465045404  6  11  13 G
 1.494444869  6  11  12 G
 1.538820856  6  10  12 G
 1.559103663  6  10  11 G
 1.575092778  6  10  10 G
 1.624595819  6  10  11 G
 1.659827360  6  10  10 G
 1.700316801  6  11  10 G
 1.731855160  6  11  9 G
 1.776184971  6  10  9 G
 1.814987220  6  10  10 G
 1.861758330  6  10  11 G
 1.883057501  6  11  11 G
 1.913259554  6  11  10 G
 1.963375009  6  10  10 G
 2.003414020  6  10  9 G
 2.021104519  6  10  10 G
 2.061022687  6  10  11 G
 2.099064089  6  9  11 G
 2.138594878  6  9  10 G
 2.167000239  6  9  11 G
 2.199465331  6  8  11 G
 2.237244632  6  7  11 G
 2.278555633  6  6  11 G
 2.320108833  6  5  11 G
 2.331676060  6  6  11 G
 2.348756348  6  6  12 G
 2.369255218  6  7  12 G
 2.380639085  6  7  13 G
 2.427750600  6  7  14 G
 2.460052590  6  7  13 G
 2.477357489  6  6  13 G
 2.526412355  6  6  14 G
 2.547065905  6  7  14 G
 2.583796694  6  7  13 G
 2.633346103  6  8  13 G
 2.683361011  6  8  12 G
 2.708675434  6  9  12 G
 2.758082765  6  9  11 G
 2.783181513  6  9  12 G
 2.828761997  6  9  13 G
 2.868106493  6  9  14 G
 2.904219052  6  10  14 G
 2.941436128  6  10  13 G
 2.959720599  6  10  12 G
 2.993451532  6  11  12 G
 3.036713948  6  11  11 G
 3.059002195  6  10  11 G
 3.101922776  6  11  11 G
 0.007277102  8  14  12 I
 0.036190371  8  14  13 I
 0.061332440  8  0  13 I
 0.092008728  8  0  12 I
 0.112703394  8  0  11 I
 0.160701529  8  14  11 I
 0.207411216  8  0  11 I
 0.223751434  8  1  11 I
 0.265763645  8  1  12 I
 0.300336806  8  1  11 I
 0.341262949  8  2  11 I
 0.370237173  8  3  11 I
 0.390446018  8  2  11 I
 0.415111006  8  3  11 I
 0.444207362  8  3  12 I
 0.489437482  8  2  12 I
 0.512324038  8  2  13 I
 0.538218153  8  1  13 I
 0.561334795  8  0  13 I
 0.595257722  8  0  12 I
 0.636324723  8  14  12 I
 0.672953349  8  14  11 I
 0.702815409  8  14  10 I
 0.731965769  8  14  9 I
 0.752396012  8  14  8 I
 0.797572912  8  0  8 I
 0.844275369  8  1  8 I
 0.863781728  8  1  7 I
 0.894207572  8  1  8 I
 0.908058691  8  2  8 I
 0.952314041  8  2  9 I
 0.977206215  8  2  10 I
 1.003282079  8  1  10 I
 1.032535772  8  0  10 I
 1.065707622  8  1  10 I
 1.103930377  8  1  11 I
 1.127841387  8  1  10 I
 1.141015806  8  0  10 I
 1.184042596  8  0  11 I
 1.214976261  8  0  12 I
 1.240401266  8  0  13 I
 1.262352883  8  14  13 I
 1.286499165  8  13  13 I
 1.360324808  8  14  13 I
 1.403503360  8  0  13 I
 1.433610275  8  0  14 I
 1.462007553  8  1  14 I
 1.495998144  8  0  14 I
 1.536050933  8  0  13 I
 1.561008572  8  14  13 I
 1.578344721  8  14  12 I
 1.608381614  8  0  12 I
 1.636409866  8  14  12 I
 1.678904605  8  14  11 I
 1.722085543  8  0  11 I
 1.746416216  8  0  10 I
 1.785339451  8  14  10 I
 1.833304150  8  14  11 I
 1.849749503  8  14  12 I
 1.894604529  8  0  12 I
 1.923051180  8  14  12 I
 1.941986217  8  13  12 I
 1.991769812  8  13  11 I
 2.037408512  8  13  10 I
 2.079298094  8  13  11 I
 2.137210064  8  13  12 I
 2.178472553  8  13  13 I
 2.214267090  8  12  13 I
 2.236588493  8  12  14 I
 2.253892615  8  13  14 I
 2.301617630  8  13  13 I
 2.339238435  8  13  12 I
 2.368320760  8  12  12 I
 2.383360348  8  11  12 I
 2.433374784  8  10  12 I
 2.473957653  8  10  11 I
 2.519611256  8  10  10 I
 2.550296094  8  11  10 I
 2.579810359  8  11  9 I
 2.603959505  8  11  8 I
 2.632609430  8  11  7 I
 2.653484776  8  11  8 I
 2.688368386  8  11  9 I
 2.722775996  8  10  9 I
 2.740264883  8  10  10 I
 2.773409335  8  10  9 I
 2.789321959  8  11  9 I
 2.817599886  8  11  10 I
 2.866645386  8  11  9 I
 2.882619325  8  11  10 I
 2.904768742  8  11  11 I
 2.941294513  8  11  12 I
 2.955537557  8  12  12 I
 2.994374718  8  12  13 I
 3.015617288  8  12  12 I
 3.065635259  8  12  13 I
 3.080317843  8  11  13 I
 3.114872598  8  10  13 I
 3.139130431  8  10  14 I
 3.151502956  8  10  0 I
 0.006536049  2  2  5 C
 0.026297453  2  2  4 C
 0.071541461  2  3  4 C
 0.087704205  2  4  4 C
 0.110514099  2  3  4 C
 0.150867888  2  3  3 C
 0.168121577  2  2  3 C
 0.199993762  2  2  4 C
 0.232608384  2  1  4 C
 0.252656116  2  1  5 C
 0.278805766  2  1  6 C
 0.323226207  2  0  6 C
 0.367958835  2  14  6 C
 0.384971889  2  14  7 C
 0.424421883  2  14  8 C
 0.446388075  2  14  7 C
 0.484069692  2  13  7 C
 0.512650976  2  14  7 C
 0.559740093  2  14  6 C
 0.581319486  2  14  5 C
 0.619338831  2  14  4 C
 0.630227799  2  14  5 C
 0.671435775  2  0  5 C
 0.719742786  2  14  5 C
 0.763416353  2  0  5 C
 0.798237421  2  0  6 C
 0.831546282  2  0  5 C
 0.851342806  2  0  6 C
 0.873700538  2  14  6 C
 0.893744124  2  14  5 C
 0.913040086  2  14  6 C
 0.954114526  2  0  6 C
 0.972682077  2  14  6 C
 0.995203198  2  14  5 C
 1.017389446  2  0  5 C
 1.039246360  2  1  5 C
 1.089535972  2  0  5 C
 1.138983471  2  1  5 C
 1.181098935  2  2  5 C
 1.208649526  2  3  5 C
 1.244023212  2  2  5 C
 1.266226491  2  2  4 C
 1.292657874  2  2  5 C
 1.324212965  2  2  4 C
 1.350914081  2  2  5 C
 1.381495752  2  3  5 C
 1.397552102  2  3  6 C
 1.436389069  2  2  6 C
 1.486424843  2  3  6 C
 1.529986452  2  4  6 C
 1.567824136  2  4  7 C
 1.617132258  2  4  6 C
 1.665116183  2  4  5 C
 1.689712193  2  3  5 C
 1.721686785  2  2  5 C
 1.747341706  2  2  4 C
 1.784791494  2  2  5 C
 1.804472423  2  2  6 C
 1.827281112  2  2  7 C
 1.864095580  2  2  6 C
 1.899138643  2  2  7 C
 1.910412099  2  1  7 C
 1.960559606  2  2  7 C
 1.975275845  2  3  7 C
 2.012397792  2  2  7 C
 2.046354427  2  1  7 C
 2.059890106  2  2  7 C
 2.103649809  2  2  6 C
 2.136388139  2  2  7 C
 2.183800293  2  2  6 C
 2.194505629  2  3  6 C
 2.238195811  2  4  6 C
 2.261246905  2  3  6 C
 2.303036353  2  4  6 C
 2.346186186  2  4  7 C
 2.359828168  2  5  7 C
 2.401227149  2  4  7 C
 2.438835565  2  3  7 C
 2.488484342  2  3  6 C
 2.508222609  2  3  7 C
 2.538591316  2  2  7 C
 2.565995789  2  2  8 C
 2.576621333  2  2  9 C
 2.606319709  2  1  9 C
 2.621267240  2  1  10 C
 2.660506592  2  1  11 C
 2.687303214  2  2  11 C
 2.736606099  2  1  11 C
 2.785237818  2  1  12 C
 2.816468905  2  0  12 C
 2.858794947  2  0  13 C
 2.893613281  2  1  13 C
 2.939243459  2  1  12 C
 2.987646872  2  1  13 C
 3.007843962  2  1  12 C
 3.027398736  2  0  12 C
 3.051501814  2  14  12 C
 3.085019163  2  13  12 C
 3.112002021  2  13  13 C
 3.136402014  2  13  12 C
 0.006452364  1  13  4 B
 0.040975080  1  12  4 B
 0.064213283  1  13  4 B
 0.100880509  1  12  4 B
 0.142016758  1  12  5 B
 0.169791145  1  11  5 B
 0.217580476  1  12  5 B
 0.265771704  1  12  4 B
 0.309860675  1  12  3 B
 0.337288413  1  12  4 B
 0.383987307  1  11  4 B
 0.396638592  1  10  4 B
 0.441776626  1  10  5 B
 0.452333796  1  10  6 B
 0.465866483  1  10  7 B
 0.501599668  1  10  6 B
 0.547221093  1  10  5 B
 0.564344033  1  9  5 B
 0.597632330  1  8  5 B
 0.610293890  1  7  5 B
 0.627558632  1  6  5 B
 0.725875572  1  6  4 B
 0.736515947  1  6  5 B
 0.747132690  1  5  5 B
 0.784833961  1  5  4 B
 0.800447739  1  4  4 B
 0.820221263  1  5  4 B
 0.854519015  1  4  4 B
 0.889118160  1  3  4 B
 0.939190495  1  3  3 B
 0.967231177  1  3  2 B
 1.004221595  1  3  3 B
 1.037179582  1  3  2 B
 1.070321214  1  2  2 B
 1.091607827  1  2  3 B
 1.133488613  1  2  4 B
 1.160441035  1  1  4 B
 1.197712874  1  1  5 B
 1.218765841  1  0  5 B
 1.265845660  1  0  6 B
 1.280450713  1  14  6 B
 1.325597584  1  14  5 B
 1.352492791  1  14  6 B
 1.368411730  1  13  6 B
 1.412351497  1  13  7 B
 1.445361495  1  13  6 B
 1.464490886  1  13  7 B
 1.507592148  1  12  7 B
 1.545872962  1  13  7 B
 1.586343985  1  12  7 B
 1.597448377  1  11  7 B
 1.632541553  1  10  7 B
 1.678858156  1  9  7 B
 1.724641376  1  8  7 B
 1.747448469  1  8  8 B
 1.775982785  1  8  9 B
 1.800631790  1  8  8 B
 1.828269238  1  8  7 B
 1.857412213  1  8  6 B
 1.900456349  1  9  6 B
 1.920967567  1  10  6 B
 1.964107126  1  10  7 B
 1.983351683  1  11  7 B
 1.999321556  1  12  7 B
 2.022704182  1  12  8 B
 2.063664663  1  11  8 B
 2.097625179  1  12  8 B
 2.123234727  1  11  8 B
 2.166636918  1  11  9 B
 2.192864186  1  10  9 B
 2.232310546  1  11  9 B
 2.281590777  1  10  9 B
 2.316021067  1  11  9 B
 2.327209870  1  12  9 B
 2.353778760  1  12  8 B
 2.388056850  1  12  7 B
 2.407399403  1  11  7 B
 2.432425822  1  11  6 B
 2.448228067  1  12  6 B
 2.497680015  1  13  6 B
 2.531353297  1  12  6 B
 2.576891902  1  12  5 B
 2.614252181  1  12  6 B
 2.642232471  1  13  6 B
 2.654780632  1  14  6 B
 2.699233346  1  13  6 B
 2.748799842  1  13  7 B
 2.776419615  1  13  8 B
 2.786761421  1  14  8 B
 2.827013589  1  14  7 B
 2.850771678  1  13  7 B
 2.876495188  1  14  7 B
 2.910253358  1  13  7 B
 2.932947894  1  13  6 B
 2.979843310  1  14  6 B
 3.013090442  1  14  5 B
 3.055503128  1  14  4 B
 3.096842159  1  14  3 B
 3.227066232  1  14  3 b
 0.007516166  9  5  14 J
 0.056226497  9  6  14 J
 0.077030033  9  7  14 J
 0.100256057  9  7  13 J
 0.124499060  9  7  14 J
 0.146859658  9  8  14 J
 0.192525722  9  9  14 J
 0.228015937  9  10  14 J
 0.272884277  9  9  14 J
 0.294003905  9  10  14 J
 0.319946506  9  10  0 J
 0.368037597  9  11  0 J
 0.385894163  9  11  1 J
 0.402205538  9  12  1 J
 0.412806564  9  13  1 J
 0.462756296  9  12  1 J
 0.482100238  9  12  2 J
 0.506232617  9  12  3 J
 0.552214813  9  11  3 J
 0.571534385  9  12  3 J
 0.604938414  9  12  2 J
 0.644734766  9  12  1 J
 0.693769148  9  12  0 J
 0.719223476  9  12  1 J
 0.740612475  9  12  0 J
 0.777939315  9  13  0 J
 0.816833939  9  14  0 J
 0.878497430  9  14  14 J
 0.928783316  9  14  0 J
 0.960339902  9  13  0 J
 0.997204454  9  13  1 J
 1.030302179  9  12  1 J
 1.043970894  9  11  1 J
 1.055198836  9  11  2 J
 1.077510984  9  11  1 J
 1.097590652  9  10  1 J
 1.147804448  9  10  0 J
 1.205310000  9  9  0 J
 1.230552334  9  10  0 J
 1.279808532  9  10  14 J
 1.294812116  9  10  0 J
 1.316877874  9  10  14 J
 1.365687381  9  10  0 J
 1.394674211  9  11  0 J
 1.506342540  9  11  14 J
 1.555229201  9  11  0 J
 1.585412267  9  12  0 J
 1.605842010  9  12  1 J
 1.623745506  9  12  0 J
 1.657340974  9  11  0 J
 1.670981867  9  11  14 J
 1.716006182  9  10  14 J
 1.756797905  9  9  14 J
 1.801735621  9  10  14 J
 1.849236787  9  10  13 J
 1.890602214  9  11  13 J
 1.928349828  9  12  13 J
 1.964626333  9  13  13 J
 2.014262657  9  13  12 J
 2.040327750  9  12  12 J
 2.072818750  9  13  12 J
 2.112958118  9  12  12 J
 2.190655919  9  13  12 J
 2.229106196  9  14  12 J
 2.272455978  9  14  13 J
 2.316027010  9  0  13 J
 2.338275361  9  14  13 J
 2.350410699  9  14  14 J
 2.366911449  9  0  14 J
 2.402369679  9  0  0 J
 2.445915284  9  14  0 J
 2.489788186  9  13  0 J
 2.524581570  9  12  0 J
 2.542233222  9  11  0 J
 2.580205326  9  11  1 J
 2.596241522  9  10  1 J
 2.641249426  9  11  1 J
 2.655470503  9  12  1 J
 2.667360388  9  11  1 J
 2.706714185  9  11  0 J
 2.734892305  9  10  0 J
 2.778486437  9  9  0 J
 2.804264651  9  10  0 J
 2.827311248  9  9  0 J
 2.872156756  9  10  0 J
 2.887825532  9  9  0 J
 2.929689151  9  8  0 J
 2.963250637  9  9  0 J
 2.991613559  9  8  0 J
 3.030292237  9  9  0 J
 3.046770652  9  8  0 J
 3.088974795  9  8  14 J
 3.100785293  9  9  14 J
 3.148243010  9  9  0 J
 3.186415883  9  10  0 J
 3.202704451  9  9  0 J
 3.225348991  9  9  1 J
 3.241399783  9  9  2 J
 3.278230330  9  8  2 J
 3.313350201  9  8  3 J
