-1  20  15  15
 0.009856601  9  10  11 J
 0.051362843  9  9  11 J
 0.066718263  9  8  11 J
 0.207227129  9  8  11 j
 0.009987050  10  8  9 K
 0.032035819  10  8  10 K
 0.063894194  10  8  9 K
 0.230546079  10  8  9 k
 0.009047310  2  7  9 C
 0.023642749  2  7  10 C
 0.090446437  2  8  10 C
 0.258215807  2  8  10 c
 0.010414735  13  12  4 N
 0.036608809  13  11  4 N
 0.073045900  13  12  4 N
 0.101458302  13  13  4 N
 0.137614141  13  13  5 N
 0.182026545  13  13  4 N
 0.326542725  13  13  4 n
 0.009379346  4  12  7 E
 0.032388950  4  13  7 E
 0.051641188  4  14  7 E
 0.062296548  4  14  6 E
 0.095045208  4  14  5 E
 0.128467264  4  14  4 E
 0.149536655  4  0  4 E
 0.164744653  4  14  4 E
 0.176988035  4  14  3 E
 0.195068652  4  14  4 E
 0.328830188  4  14  4 e
 0.010504215  14  2  14 O
 0.051884588  14  3  14 O
 0.080467145  14  2  14 O
 0.101773817  14  3  14 O
 0.135305049  14  4  14 O
 0.153050427  14  4  0 O
 0.168755782  14  4  1 O
 0.202838822  14  4  0 O
 0.215059371  14  4  1 O
 0.228086365  14  5  1 O
 0.245822041  14  4  1 O
 0.265999299  14  3  1 O
 0.389347935  14  3  1 o
 0.010297053  12  4  12 M
 0.044124683  12  4  13 M
 0.057188507  12  4  14 M
 0.097697128  12  5  14 M
 0.181342425  12  4  14 M
 0.224731210  12  4  0 M
 0.267200695  12  4  1 M
 0.416885129  12  4  1 m
 0.011001125  19  13  12 T
 0.028961402  19  12  12 T
 0.050564782  19  11  12 T
 0.068445035  19  11  11 T
 0.094832053  19  11  12 T
 0.129601491  19  11  11 T
 0.150180091  19  11  10 T
 0.180812048  19  12  10 T
 0.221266842  19  13  10 T
 0.232466716  19  12  10 T
 0.281287217  19  11  10 T
 0.317532856  19  11  11 T
 0.483033741  19  11  11 t
 0.009603376  6  12  11 G
 0.088641855  6  12  12 G
 0.136485047  6  13  12 G
 0.147423933  6  12  12 G
 0.186294040  6  12  13 G
 0.215677059  6  12  12 G
 0.239664220  6  12  11 G
 0.291242683  6  12  10 G
 0.317540029  6  12  11 G
 0.358214941  6  12  10 G
 0.378975240  6  12  11 G
 0.528888785  6  12  11 g
 0.010710946  16  14  11 Q
 0.080696057  16  14  10 Q
 0.115417729  16  0  10 Q
 0.148785534  16  0  9 Q
 0.192010638  16  1  9 Q
 0.208033973  16  0  9 Q
 0.237716186  16  14  9 Q
 0.253462223  16  14  8 Q
 0.345080936  16  0  8 Q
 0.374555060  16  1  8 Q
 0.412652669  16  1  7 Q
 0.446769391  16  0  7 Q
 0.617528510  16  0  7 q
 0.010174632  11  12  6 L
 0.060462829  11  12  5 L
 0.088690482  11  13  5 L
 0.115653872  11  13  6 L
 0.164595377  11  12  6 L
 0.212533388  11  13  6 L
 0.227096806  11  12  6 L
 0.238447624  11  13  6 L
 0.257521017  11  13  7 L
 0.298346369  11  13  6 L
 0.346457453  11  14  6 L
 0.364566614  11  13  6 L
 0.389316702  11  14  6 L
 0.429720437  11  14  7 L
 0.468004127  11  14  6 L
 0.484098754  11  0  6 L
 0.621953329  11  0  6 l
 0.008897034  1  14  10 B
 0.059636345  1  13  10 B
 0.137191840  1  14  10 B
 0.181518610  1  14  9 B
 0.210959155  1  14  8 B
 0.231169994  1  14  7 B
 0.310026712  1  13  7 B
 0.337572244  1  13  8 B
 0.362785024  1  14  8 B
 0.378070272  1  14  7 B
 0.404049615  1  14  8 B
 0.440998078  1  0  8 B
 0.461038901  1  0  9 B
 0.479136922  1  0  8 B
 0.624707388  1  0  8 b
 0.008762554  0  14  2 A
 0.053205929  0  13  2 A
 0.071826577  0  13  3 A
 0.105841028  0  12  3 A
 0.131299566  0  12  4 A
 0.162658122  0  12  5 A
 0.252109400  0  12  6 A
 0.284573562  0  11  6 A
 0.308114524  0  10  6 A
 0.339747275  0  11  6 A
 0.364662164  0  12  6 A
 0.375372967  0  11  6 A
 0.418806336  0  10  6 A
 0.455690496  0  11  6 A
 0.624707420  0  11  6 a
 0.010884035  18  0  9 S
 0.055414647  18  14  9 S
 0.083154827  18  13  9 S
 0.101767336  18  12  9 S
 0.151359767  18  11  9 S
 0.191082379  18  12  9 S
 0.232475120  18  11  9 S
 0.282082567  18  12  9 S
 0.314718707  18  12  8 S
 0.364223019  18  12  9 S
 0.377234712  18  11  9 S
 0.399184357  18  10  9 S
 0.414185649  18  11  9 S
 0.461031415  18  11  8 S
 0.476312895  18  11  7 S
 0.641477705  18  11  7 s
 0.009689678  7  13  0 H
 0.048660372  7  14  0 H
 0.096806690  7  0  0 H
 0.114093711  7  14  0 H
 0.133353562  7  14  14 H
 0.163094481  7  14  0 H
 0.179279163  7  13  0 H
 0.218080771  7  13  14 H
 0.265096209  7  13  13 H
 0.307183337  7  14  13 H
 0.357323513  7  14  14 H
 0.397906194  7  14  13 H
 0.419310021  7  14  12 H
 0.430621657  7  0  12 H
 0.454015159  7  0  11 H
 0.469165987  7  1  11 H
 0.480808662  7  1  12 H
 0.505774113  7  2  12 H
 0.542151175  7  3  12 H
 0.560109843  7  3  11 H
 0.593983838  7  4  11 H
 0.608861466  7  3  11 H
 0.639016338  7  4  11 H
 0.665082252  7  5  11 H
 0.689503993  7  4  11 H
 0.811013815  7  4  11 h
 0.009494961  5  1  6 F
 0.042677023  5  1  5 F
 0.075600353  5  1  4 F
 0.120411927  5  1  5 F
 0.157483576  5  1  6 F
 0.198893872  5  0  6 F
 0.214334484  5  0  7 F
 0.224734001  5  0  8 F
 0.262684701  5  1  8 F
 0.288993719  5  0  8 F
 0.333394855  5  0  9 F
 0.352556462  5  14  9 F
 0.364229728  5  0  9 F
 0.375870206  5  14  9 F
 0.399808763  5  14  10 F
 0.441802685  5  0  10 F
 0.491112216  5  0  9 F
 0.501420744  5  1  9 F
 0.513240306  5  2  9 F
 0.551025823  5  2  10 F
 0.588057993  5  3  10 F
 0.599761896  5  2  10 F
 0.649513285  5  3  10 F
 0.695262561  5  3  11 F
 0.823812314  5  3  11 f
 0.009186658  3  9  11 D
 0.023000343  3  9  12 D
 0.045495727  3  10  12 D
 0.073546941  3  10  13 D
 0.097993504  3  10  14 D
 0.118670135  3  10  13 D
 0.150821441  3  10  14 D
 0.193373144  3  10  0 D
 0.232810272  3  9  0 D
 0.271898974  3  10  0 D
 0.317014736  3  9  0 D
 0.347532099  3  9  1 D
 0.378993337  3  9  0 D
 0.417849650  3  9  1 D
 0.462058265  3  10  1 D
 0.510044813  3  10  2 D
 0.534822284  3  10  1 D
 0.575118788  3  10  0 D
 0.591894123  3  9  0 D
 0.606351416  3  9  1 D
 0.632432349  3  9  0 D
 0.682691985  3  10  0 D
 0.723071382  3  11  0 D
 0.740257680  3  10  0 D
 0.765625460  3  9  0 D
 0.779066948  3  10  0 D
 0.820468291  3  10  14 D
 0.834896125  3  9  14 D
 0.880793088  3  8  14 D
 0.920473669  3  9  14 D
 0.935858827  3  10  14 D
 0.949986116  3  9  14 D
 0.991796268  3  10  14 D
 1.006285726  3  11  14 D
 1.056496518  3  11  13 D
 1.099640745  3  12  13 D
 1.131965741  3  12  12 D
 1.154602886  3  11  12 D
 1.274155380  3  11  12 d
 0.009756768  8  2  12 I
 0.052844292  8  1  12 I
 0.092303578  8  0  12 I
 0.108821463  8  1  12 I
 0.133554636  8  2  12 I
 0.164876561  8  1  12 I
 0.211073253  8  2  12 I
 0.239039769  8  2  13 I
 0.252980334  8  3  13 I
 0.294978753  8  3  14 I
 0.308990689  8  4  14 I
 0.355862078  8  4  0 I
 0.403707075  8  5  0 I
 0.418525106  8  4  0 I
 0.433650158  8  3  0 I
 0.471166685  8  3  14 I
 0.505909643  8  3  0 I
 0.529288862  8  4  0 I
 0.556028993  8  4  14 I
 0.580411820  8  3  14 I
 0.601790842  8  4  14 I
 0.645481196  8  4  13 I
 0.682048027  8  4  14 I
 0.730228410  8  4  0 I
 0.769969149  8  3  0 I
 0.814534900  8  3  14 I
 0.846204709  8  3  0 I
 0.893017428  8  4  0 I
 0.932001899  8  3  0 I
 0.979313480  8  3  14 I
 1.017839153  8  4  14 I
 1.058184780  8  4  0 I
 1.106311460  8  4  14 I
 1.136180218  8  4  13 I
 1.178151519  8  4  14 I
 1.201946547  8  3  14 I
 1.213187619  8  3  13 I
 1.247844852  8  3  14 I
 1.260444331  8  2  14 I
 1.279247074  8  2  0 I
 1.304582992  8  3  0 I
 1.333574129  8  4  0 I
 1.345018161  8  5  0 I
 1.392491407  8  6  0 I
 1.408055859  8  6  1 I
 1.423799016  8  5  1 I
 1.471018634  8  5  2 I
 1.521126279  8  5  1 I
 1.544213963  8  5  2 I
 1.560731249  8  5  1 I
 1.674106955  8  5  1 i
 0.010797808  17  5  10 R
 0.042720952  17  4  10 R
 0.089205023  17  3  10 R
 0.114083587  17  3  11 R
 0.135090903  17  3  12 R
 0.172087964  17  2  12 R
 0.207330771  17  2  11 R
 0.231283349  17  2  10 R
 0.254089927  17  1  10 R
 0.289306284  17  1  9 R
 0.305821217  17  1  10 R
 0.318068650  17  1  11 R
 0.331462467  17  2  11 R
 0.354286232  17  3  11 R
 0.371909359  17  3  10 R
 0.412869869  17  3  9 R
 0.450683931  17  3  8 R
 0.478160355  17  2  8 R
 0.507894859  17  3  8 R
 0.550226133  17  4  8 R
 0.591760132  17  4  9 R
 0.607727938  17  5  9 R
 0.656911421  17  6  9 R
 0.694203781  17  7  9 R
 0.715151574  17  6  9 R
 0.738597494  17  6  10 R
 0.765291008  17  6  11 R
 0.813103458  17  7  11 R
 0.849034678  17  7  10 R
 0.890012782  17  6  10 R
 0.912039347  17  7  10 R
 0.936581337  17  6  10 R
 0.973387370  17  5  10 R
 0.998415859  17  4  10 R
 1.019745918  17  5  10 R
 1.031780269  17  4  10 R
 1.048958049  17  5  10 R
 1.097408922  17  4  10 R
 1.126071124  17  5  10 R
 1.162859167  17  5  9 R
 1.182535581  17  5  10 R
 1.201911102  17  4  10 R
 1.236142387  17  5  10 R
 1.276832218  17  6  10 R
 1.307110207  17  6  11 R
 1.356996698  17  6  12 R
 1.381368740  17  5  12 R
 1.398243661  17  4  12 R
 1.420106482  17  5  12 R
 1.458233779  17  4  12 R
 1.503129920  17  5  12 R
 1.545570554  17  4  12 R
 1.580537533  17  5  12 R
 1.630290963  17  4  12 R
 1.758532172  17  4  12 r
 0.010623806  15  6  1 P
 0.042657331  15  6  2 P
 0.079293697  15  6  1 P
 0.110582322  15  7  1 P
 0.129667788  15  6  1 P
 0.172226837  15  6  0 P
 0.197219267  15  6  1 P
 0.236130131  15  6  2 P
 0.259522875  15  5  2 P
 0.283732386  15  6  2 P
 0.329002285  15  6  3 P
 0.354555763  15  6  4 P
 0.395522785  15  6  5 P
 0.423174813  15  6  4 P
 0.463085122  15  5  4 P
 0.487588032  15  4  4 P
 0.514085883  15  4  3 P
 0.544287865  15  4  2 P
 0.593664494  15  3  2 P
 0.626886234  15  4  2 P
 0.653505793  15  4  3 P
 0.665144169  15  5  3 P
 0.683660521  15  5  4 P
 0.718311189  15  5  5 P
 0.748164429  15  4  5 P
 0.774688707  15  3  5 P
 0.809592035  15  4  5 P
 0.846256167  15  4  4 P
 0.872898778  15  3  4 P
 0.889114789  15  3  3 P
 0.908596801  15  2  3 P
 0.947517437  15  3  3 P
 0.987633769  15  2  3 P
 1.001286200  15  2  4 P
 1.014815705  15  2  5 P
 1.042492173  15  2  4 P
 1.055166711  15  1  4 P
 1.087208401  15  2  4 P
 1.121907289  15  2  5 P
 1.161726301  15  2  6 P
 1.180853118  15  3  6 P
 1.214778678  15  4  6 P
 1.264757814  15  5  6 P
 1.304040628  15  4  6 P
 1.333496423  15  3  6 P
 1.367862402  15  3  7 P
 1.406837835  15  4  7 P
 1.444039938  15  5  7 P
 1.481826492  15  6  7 P
 1.504175921  15  7  7 P
 1.516838424  15  7  6 P
 1.537676563  15  8  6 P
 1.554359528  15  8  5 P
 1.589683261  15  8  6 P
 1.633156448  15  8  7 P
 1.644755943  15  9  7 P
 1.671359499  15  9  8 P
 1.700674412  15  10  8 P
 1.714287728  15  10  9 P
 1.727763674  15  10  8 P
 1.770147715  15  10  7 P
 1.810676654  15  10  6 P
 1.834240479  15  9  6 P
 1.860106143  15  9  7 P
 1.884547653  15  8  7 P
 1.929346851  15  9  7 P
 1.940722789  15  10  7 P
 1.958208247  15  10  8 P
 1.975742154  15  9  8 P
 1.995526350  15  10  8 P
 2.035991451  15  10  9 P
 2.048265627  15  10  8 P
 2.082690522  15  10  9 P
 2.119990009  15  11  9 P
 2.157589939  15  11  8 P
 2.204651926  15  12  8 P
 2.216047265  15  13  8 P
 2.263253019  15  12  8 P
 2.282766347  15  12  9 P
 2.325609564  15  11  9 P
 2.366015299  15  12  9 P
 2.411120863  15  12  8 P
 2.424587119  15  13  8 P
 2.462043509  15  12  8 P
 2.501397726  15  12  9 P
 2.516220367  15  12  10 P
 2.534027842  15  11  10 P
 2.666017442  15  11  10 p
